1123257
1123258
1123259
1123261
1123263
1123264
1123265
1123266
1123267
1123268
1123269
1123271
1123272
1123273
1123274
1123275
1123276
1123277
1123278
1123279
1123280
1123281
1123282
1123283
1123284
1123285
1123286
1123287
1123288
1123289
1123290
1123291
1123292
1123293
1123294
1123295
1123296
1123297
1123298
1123299
1123300
1123301
1123302
1123303
1123304
1123305
1123306
1123307
1123308
1123309
1123310
1123311
1123312
1123313
1123314
1123316
1123317
1123318
1123320
1123321
1123323
1123324
1123325
1123326
1123327
1123328
1123330
1123331
1123333
1123335
1123336
1123337
1123338
1123350
1123351
1123352
1123355
1123356
1123358
1123339
1123340
1123341
1123342
1123344
1123345
1123348
1123359
1123360
1123361
1123363
1123364
1123365
1123366
1123367
1123379
1123380
1123382
1123385
1123386
1123387
1123388
1123390
1123394
1123395
1123396
1123397
1123398
1123400
1123402
1123403
1123404
1123405
1123406
1123407
1123409
1123410
1123411
1123412
1123413
1123414
1123415
1123416
1123417
1123418
1123424
1123426
1123427
1123428
1123439
1123441
1123442
1123443
1123444
1123446
1123449
1123450
1123451
1123452
1123453
1123458
1123459
1123460
1123462
1123466
1123467
1123468
1123469
1123471
1123473
1123475
1123476
1123477
1123478
1123479
1123480
1123481
1123482
1123483
1123484
1123485
1123486
1123487
1123489
1123490
1123491
1123492
1123493
1123494
1123495
1123496
1123500
1123502
1123503
1123504
1123505
1123506
1123509
1123511
1123512
1123513
1123514
1123515
1123516
1123517
1123518
1123520
1123521
1123522
1123523
1123524
1123525
1123526
1123527
1123528
1123530
1123531
1123532
1123533
1123534
1123535
1123536
1123537
1123538
1123539
1123540
1123543
1123544
1123545
1123547
1123548
1123549
1123553
1123554
1123556
1123557
1123558
1123559
1123560
1123561
1123562
1123563
1123564
1123565
1123566
1123567
1123569
1123570
1123571
1123572
1123573
1123574
1123575
1123576
1123578
1123579
1123580
1123581
1123582
1123583
1123584
1123585
1123586
1123587
1123588
1123589
1123590
1123591
1123592
1123593
1123594
